00010121
00010130
00010224
00010321
00010540
00010544
00010640
00010719
00010826
00010833
00011122
00011225
00011231
00020136
00020243
00020334
00020340
00020526
00020628
00020633
00020638
00020640
00020724
00020732
00020826
00020920
00021024
00030136
00030338
00030340
00030541
00030628
00030732
00030833
00030922
00030939
00031134
00040628
00040711
00040833
00040939
00050139
00050324
00050722
00050921
00051115
00051230
00051240
00060536
00060539
00060632
00061240
00070146
00070242
00070334
00070617
00071240
00080119
00080329
00080333
00080732
00080833
00080841
00080845
00080925
00081038
00081040
00081114
00081123
00081134
00081135
00081225
00081235
00090127
00090150
00090151
00090243
00090333
00090529
00090617
00090825
00090833
00091134
00091143
00100151
00100218
00100318
00100529
00100532
00100539
00100545
00100638
00100720
00100733
00100840
00100939
00101034
00110339
00110343
00110534
00110636
00110720
00110729
00110741
00110940
00111025
00120126
00120322
00120534
00120548
00120720
00120732
00120741
00121040
00121045
00130136
00130151
00130243
00130425
00130534
00030835
00131038
00131045
00131133
00131231
00140119
00140149
00140243
00140325
00140539
00140638
00140741
00141019
00141225
00150141
00150146
00150243
00150320
00150529
00151124
00151133
00151221
00160141
00160229
00160350
00160526
00160529
00160633
00160731
00160934
00161040
00161124
00161133
00161138
00170229
00170350
00170438
00170441
00170529
00170617
00170732
00170735
00171032
00171225
00171241
00180229
00180318
00180424
00180524
00180620
00180715
00180735
00180829
00180835
00181129
00190229
00190440
00190443
00190731
00190835
00191138
00200134
00200139
00200237
00200441
00200443
00200445
00200450
00200731
00200824
00200835
00210132
00210136
00210138
00210234
00210443
00210450
00210518
00210519
00210740
00210824
00211035
00211119
00211218
00220339
00220634
00220824
00221042
00221240
00230126
00230241
00230521
00230534
00230541
00230740
00230824
00230932
00231123
00240134
00240239
00240340
00240835
00240932
00241032
00241049
00241223
00250135
00250225
00250516
00250625
00250737
00250740
00251124
00260120
00260139
00260218
00260625
00260633
00260718
00260740
00260819
00260940
00260942
00261032
00270135
00270421
00270517
00270541
00270645
00270740
00270940
00271035
00271040
00271124
00271214
00280143
00280230
00280421
00280519
00280648
00281032
00290410
00290636
00290648
00291142
00291229
00300118
00300444
00300733
00300842
00301035
00301125
00301137
00301229
00310315
00310321
00310541
00310737
00310820
00310833
00311224
10000299
10000459
10000773
10000814
10000827
10000832
10000833
10170531
10170539
10170544
10170557
10170573
10170626
10170664
10170665
10170706
10170709
10170774
41000185
41020664
41020952
41027749
41028271
41029653
41038138
41038139
41038140
41038379
41039141
41039184
41039864
41040749
41041035
41041041
41041297
41041472
41041519
41041804
41042011
41042471
41044008
41044532
41049052
41049200
41049748
41050015
41055570
41056925
41059226
41059269
41059317
41059361
41059426
41059447
41059507
41059651
41059875
41059938
41060003
41060315
41060579
41060685
41061620
41062307
41063210
41063220
41063228
41063455
41064950
41067715
41069711
41069735
41072989
41074040
41074578
41074635
41075339
41078703
41079904
41080244
41080462
41080553
41080708
41081233
41081886
41081917
41081952
41082658
41082659
41083090
41083213
41083589
41083634
41083644
41083843
41083882
41084502
41085083
41085649
41085901
41086055
41086367
41086406
41086486
41086789
41086923
41087202
41087423
41087691
41087905
41088899
41089106
41089694
41089695
41090768
41091288
41091465
41091523
41091964
41092212
41094529
41094809
41095615
41095896
41096141
41096454
41096455
41096704
41096916
41097736
41098360
41098646
41099320
41099838
41099929
41100175
41100938
41101168
41102287
41102760
41104564
41105707
41106568
41106570
41107534
41108340
41108858
41109051
41109736
43000201
43000272
43000273
43000357
43000785
43000830
43000963
43001040
43001228
43001240
43001339
43001483
43001485
77000320
77000321
77000381
77000382
77000383
77000384
77000385
77000386
77000387
77000388
77000389
77000390
77000391
77000392
77000393
77000394
77000395
77000396
77000397
77000398
77000399
77000400
77000401
77000402
77000403
77000404
77000405
77000406
77000407
77000408
77000409
77000410
77000411
77000412
77000413
77000414
77000415
77000416
77000417
77000418
77000419
77000420
77000421
77000422
77000423
77000424
77000425
77000426
77000427
77000428
77000429
77000430
77000431
77000432
77000433
77000434
77000435
77000436
77000437
77000438
77000439
77000461
77000462
77000463
77000464
77000465
77000466
77000467
77000468
77000469
77000470
77000471
77000472
77000473
77000474
77000475
77000476
77000477
77000478
77000479
77000480
77000625
77000626
83007674
83007985
83008327
83008345
83008545
83008692
83008737
83008905
83009275
83009318
83009348
83009423
83009435
83009523
83009657
83009660
83009716
83009724
83009766
83009825
83009860
83009866
83009872
83009896
83010022
83010081
83010212
83010422
83010586
83010695
83011096
83011102
83011116
83011165
83011208
83011277
83011638
83011647
83011880
90000100
90000101
90000155
90000157
90000161
90000255
90000257
90000261
92000493
92000601
92000722
92000731
92000989
92001232
92001322
92001962
92001963
92001964
92001965
92001966
92001967
92001968
92001969
92001970
92001971
92001972
92001973
92001974
92001975
92001976
92001977
92001978
92001979
92001980
92001981
92002030
92002145
92002146
92002172
92002300
92002301
92002302
92002303
92002304
92002305
92002306
92002307
92002308
92002309
92002310
92002311
92002312
92002313
92002314
92002315
92002316
92002317
92002318
92002319
92002320
92002321
92002322
92002323
92003237
92003256
92003261
92003519
92004422
92004423
92004490
92006178
92006179
92006180
92006181
92006182
92006183
92006184
92006185
92006186
92006187
92006188
92006189
92006190
92006191
92006192
92006193
92006194
92006195
92006196
92006197
92006198
92103813
92103814
92103815
92103816
92103817
92103818
92103819
92103820
92103821
92103822
92103823
92103824
92103825
92103826
92103827
92103828
92103829
92103830
92103831
92103832
92103833
92103834
92103835
92103836
92104185
92104186
92104972
92104973
92104974
92104975
92104976
92104977
92104978
92105204
92105205
92105206
92105207
92105208
92105209
92105910
92106010
92106869
92107650
92107657
92107700
